Zadanie nr 9 - Sprezyna o charakterystyce nieliniowej - Informatyka II
x0=5.000000	v0=2.000000	m=3.000000	k1=6.000000	k2=1.000000

Czas[s]		X		V		 Energia Mechaniczna
0.001000	5.001870	1.739855	1018.500000	
0.002000	5.003480	1.479444	1018.500000	
0.003000	5.004829	1.218809	1018.500000	
0.004000	5.005917	0.957988	1018.500000	
0.005000	5.006745	0.697022	1018.500000	
0.006000	5.007311	0.435948	1018.500000	
0.007000	5.007617	0.174809	1018.500000	
0.008000	5.007661	-0.086357	1018.500000	
0.009000	5.007444	-0.347510	1018.500000	
0.010000	5.006966	-0.608610	1018.500000	
0.011000	5.006227	-0.869617	1018.500000	
0.012000	5.005227	-1.130492	1018.500000	
0.013000	5.003966	-1.391195	1018.500000	
0.014000	5.002444	-1.651686	1018.500000	
0.015000	5.000662	-1.911925	1018.500000	
0.016000	4.998621	-2.171874	1018.500000	
0.017000	4.996319	-2.431493	1018.500000	
0.018000	4.993758	-2.690743	1018.500000	
0.019000	4.990937	-2.949584	1018.500000	
0.020000	4.987859	-3.207980	1018.500000	
0.021000	4.984522	-3.465889	1018.500000	
0.022000	4.980927	-3.723276	1018.500000	
0.023000	4.977075	-3.980100	1018.500000	
0.024000	4.972967	-4.236326	1018.500000	
0.025000	4.968603	-4.491914	1018.500000	
0.026000	4.963983	-4.746828	1018.500000	
0.027000	4.959109	-5.001030	1018.500000	
0.028000	4.953982	-5.254485	1018.500000	
0.029000	4.948601	-5.507155	1018.500000	
0.030000	4.942968	-5.759005	1018.500000	
0.031000	4.937083	-6.010000	1018.500000	
0.032000	4.930948	-6.260103	1018.500000	
0.033000	4.924563	-6.509281	1018.500000	
0.034000	4.917930	-6.757499	1018.500000	
0.035000	4.911048	-7.004723	1018.500000	
0.036000	4.903921	-7.250919	1018.500000	
0.037000	4.896547	-7.496054	1018.500000	
0.038000	4.888929	-7.740096	1018.500000	
0.039000	4.881067	-7.983012	1018.500000	
0.040000	4.872963	-8.224772	1018.500000	
0.041000	4.864618	-8.465343	1018.500000	
0.042000	4.856033	-8.704695	1018.500000	
0.043000	4.847209	-8.942799	1018.500000	
0.044000	4.838148	-9.179623	1018.500000	
0.045000	4.828850	-9.415141	1018.500000	
0.046000	4.819318	-9.649322	1018.500000	
0.047000	4.809552	-9.882139	1018.500000	
0.048000	4.799554	-10.113565	1018.500000	
0.049000	4.789325	-10.343573	1018.500000	
0.050000	4.778867	-10.572137	1018.500000	
0.051000	4.768182	-10.799231	1018.500000	
0.052000	4.757269	-11.024831	1018.500000	
0.053000	4.746132	-11.248911	1018.500000	
0.054000	4.734772	-11.471449	1018.500000	
0.055000	4.723190	-11.692420	1018.500000	
0.056000	4.711388	-11.911804	1018.500000	
0.057000	4.699367	-12.129577	1018.500000	
0.058000	4.687129	-12.345718	1018.500000	
0.059000	4.674676	-12.560208	1018.500000	
0.060000	4.662009	-12.773026	1018.500000	
0.061000	4.649131	-12.984152	1018.500000	
0.062000	4.636042	-13.193569	1018.500000	
0.063000	4.622744	-13.401258	1018.500000	
0.064000	4.609240	-13.607202	1018.500000	
0.065000	4.595530	-13.811385	1018.500000	
0.066000	4.581617	-14.013789	1018.500000	
0.067000	4.567503	-14.214401	1018.500000	
0.068000	4.553189	-14.413205	1018.500000	
0.069000	4.538677	-14.610188	1018.500000	
0.070000	4.523970	-14.805335	1018.500000	
0.071000	4.509067	-14.998635	1018.500000	
0.072000	4.493973	-15.190075	1018.500000	
0.073000	4.478688	-15.379645	1018.500000	
0.074000	4.463214	-15.567332	1018.500000	
0.075000	4.447554	-15.753128	1018.500000	
0.076000	4.431709	-15.937023	1018.500000	
0.077000	4.415680	-16.119008	1018.500000	
0.078000	4.399471	-16.299075	1018.500000	
0.079000	4.383083	-16.477217	1018.500000	
0.080000	4.366517	-16.653426	1018.500000	
0.081000	4.349777	-16.827697	1018.500000	
0.082000	4.332863	-17.000024	1018.500000	
0.083000	4.315777	-17.170403	1018.500000	
0.084000	4.298523	-17.338828	1018.500000	
0.085000	4.281100	-17.505296	1018.500000	
0.086000	4.263513	-17.669804	1018.500000	
0.087000	4.245761	-17.832350	1018.500000	
0.088000	4.227849	-17.992931	1018.500000	
0.089000	4.209776	-18.151547	1018.500000	
0.090000	4.191546	-18.308196	1018.500000	
0.091000	4.173160	-18.462879	1018.500000	
0.092000	4.154621	-18.615596	1018.500000	
0.093000	4.135930	-18.766348	1018.500000	
0.094000	4.117089	-18.915136	1018.500000	
0.095000	4.098100	-19.061963	1018.500000	
0.096000	4.078966	-19.206830	1018.500000	
0.097000	4.059687	-19.349742	1018.500000	
0.098000	4.040267	-19.490702	1018.500000	
0.099000	4.020706	-19.629714	1018.500000	
0.100000	4.001008	-19.766783	1018.500000	
0.101000	3.981174	-19.901914	1018.500000	
0.102000	3.961205	-20.035112	1018.500000	
0.103000	3.941104	-20.166384	1018.500000	
0.104000	3.920873	-20.295736	1018.500000	
0.105000	3.900513	-20.423176	1018.500000	
0.106000	3.880027	-20.548710	1018.500000	
0.107000	3.859416	-20.672348	1018.500000	
0.108000	3.838683	-20.794096	1018.500000	
0.109000	3.817829	-20.913965	1018.500000	
0.110000	3.796856	-21.031963	1018.500000	
0.111000	3.775765	-21.148099	1018.500000	
0.112000	3.754560	-21.262385	1018.500000	
0.113000	3.733241	-21.374829	1018.500000	
0.114000	3.711811	-21.485443	1018.500000	
0.115000	3.690271	-21.594239	1018.500000	
0.116000	3.668623	-21.701226	1018.500000	
0.117000	3.646869	-21.806418	1018.500000	
0.118000	3.625011	-21.909826	1018.500000	
0.119000	3.603050	-22.011463	1018.500000	
0.120000	3.580989	-22.111341	1018.500000	
0.121000	3.558828	-22.209474	1018.500000	
0.122000	3.536570	-22.305875	1018.500000	
0.123000	3.514217	-22.400557	1018.500000	
0.124000	3.491770	-22.493535	1018.500000	
0.125000	3.469230	-22.584822	1018.500000	
0.126000	3.446601	-22.674433	1018.500000	
0.127000	3.423882	-22.762383	1018.500000	
0.128000	3.401076	-22.848686	1018.500000	
0.129000	3.378185	-22.933358	1018.500000	
0.130000	3.355210	-23.016413	1018.500000	
0.131000	3.332153	-23.097868	1018.500000	
0.132000	3.309015	-23.177738	1018.500000	
0.133000	3.285798	-23.256039	1018.500000	
0.134000	3.262503	-23.332787	1018.500000	
0.135000	3.239133	-23.407998	1018.500000	
0.136000	3.215688	-23.481688	1018.500000	
0.137000	3.192170	-23.553875	1018.500000	
0.138000	3.168581	-23.624575	1018.500000	
0.139000	3.144921	-23.693804	1018.500000	
0.140000	3.121194	-23.761580	1018.500000	
0.141000	3.097399	-23.827919	1018.500000	
0.142000	3.073538	-23.892839	1018.500000	
0.143000	3.049613	-23.956358	1018.500000	
0.144000	3.025626	-24.018491	1018.500000	
0.145000	3.001577	-24.079257	1018.500000	
0.146000	2.977468	-24.138674	1018.500000	
0.147000	2.953300	-24.196758	1018.500000	
0.148000	2.929075	-24.253527	1018.500000	
0.149000	2.904793	-24.309000	1018.500000	
0.150000	2.880457	-24.363193	1018.500000	
0.151000	2.856067	-24.416124	1018.500000	
0.152000	2.831625	-24.467812	1018.500000	
0.153000	2.807132	-24.518274	1018.500000	
0.154000	2.782589	-24.567527	1018.500000	
0.155000	2.757998	-24.615590	1018.500000	
0.156000	2.733358	-24.662481	1018.500000	
0.157000	2.708673	-24.708216	1018.500000	
0.158000	2.683942	-24.752814	1018.500000	
0.159000	2.659168	-24.796293	1018.500000	
0.160000	2.634350	-24.838671	1018.500000	
0.161000	2.609491	-24.879964	1018.500000	
0.162000	2.584591	-24.920191	1018.500000	
0.163000	2.559651	-24.959370	1018.500000	
0.164000	2.534672	-24.997517	1018.500000	
0.165000	2.509656	-25.034651	1018.500000	
0.166000	2.484603	-25.070789	1018.500000	
0.167000	2.459515	-25.105947	1018.500000	
0.168000	2.434392	-25.140145	1018.500000	
0.169000	2.409235	-25.173398	1018.500000	
0.170000	2.384045	-25.205724	1018.500000	
0.171000	2.358824	-25.237140	1018.500000	
0.172000	2.333571	-25.267664	1018.500000	
0.173000	2.308289	-25.297311	1018.500000	
0.174000	2.282977	-25.326098	1018.500000	
0.175000	2.257637	-25.354044	1018.500000	
0.176000	2.232269	-25.381163	1018.500000	
0.177000	2.206875	-25.407472	1018.500000	
0.178000	2.181454	-25.432988	1018.500000	
0.179000	2.156009	-25.457727	1018.500000	
0.180000	2.130539	-25.481705	1018.500000	
0.181000	2.105046	-25.504938	1018.500000	
0.182000	2.079530	-25.527442	1018.500000	
0.183000	2.053991	-25.549233	1018.500000	
0.184000	2.028431	-25.570325	1018.500000	
0.185000	2.002851	-25.590736	1018.500000	
0.186000	1.977250	-25.610479	1018.500000	
0.187000	1.951630	-25.629570	1018.500000	
0.188000	1.925991	-25.648024	1018.500000	
0.189000	1.900334	-25.665857	1018.500000	
0.190000	1.874660	-25.683081	1018.500000	
0.191000	1.848968	-25.699713	1018.500000	
0.192000	1.823260	-25.715766	1018.500000	
0.193000	1.797537	-25.731255	1018.500000	
0.194000	1.771798	-25.746193	1018.500000	
0.195000	1.746045	-25.760595	1018.500000	
0.196000	1.720277	-25.774474	1018.500000	
0.197000	1.694496	-25.787844	1018.500000	
0.198000	1.668702	-25.800718	1018.500000	
0.199000	1.642895	-25.813110	1018.500000	
0.200000	1.617075	-25.825032	1018.500000	
0.201000	1.591245	-25.836497	1018.500000	
0.202000	1.565403	-25.847517	1018.500000	
0.203000	1.539550	-25.858106	1018.500000	
0.204000	1.513687	-25.868276	1018.500000	
0.205000	1.487813	-25.878038	1018.500000	
0.206000	1.461931	-25.887405	1018.500000	
0.207000	1.436039	-25.896388	1018.500000	
0.208000	1.410138	-25.904998	1018.500000	
0.209000	1.384229	-25.913248	1018.500000	
0.210000	1.358312	-25.921148	1018.500000	
0.211000	1.332387	-25.928709	1018.500000	
0.212000	1.306454	-25.935942	1018.500000	
0.213000	1.280515	-25.942858	1018.500000	
0.214000	1.254569	-25.949467	1018.500000	
0.215000	1.228616	-25.955778	1018.500000	
0.216000	1.202657	-25.961803	1018.500000	
0.217000	1.176692	-25.967550	1018.500000	
0.218000	1.150722	-25.973030	1018.500000	
0.219000	1.124747	-25.978251	1018.500000	
0.220000	1.098766	-25.983223	1018.500000	
0.221000	1.072780	-25.987955	1018.500000	
0.222000	1.046790	-25.992456	1018.500000	
0.223000	1.020795	-25.996733	1018.500000	
0.224000	0.994797	-26.000796	1018.500000	
0.225000	0.968794	-26.004653	1018.500000	
0.226000	0.942787	-26.008311	1018.500000	
0.227000	0.916777	-26.011779	1018.500000	
0.228000	0.890764	-26.015063	1018.500000	
0.229000	0.864747	-26.018171	1018.500000	
0.230000	0.838728	-26.021111	1018.500000	
0.231000	0.812705	-26.023889	1018.500000	
0.232000	0.786680	-26.026511	1018.500000	
0.233000	0.760652	-26.028985	1018.500000	
0.234000	0.734622	-26.031316	1018.500000	
0.235000	0.708589	-26.033511	1018.500000	
0.236000	0.682555	-26.035576	1018.500000	
0.237000	0.656518	-26.037515	1018.500000	
0.238000	0.630480	-26.039335	1018.500000	
0.239000	0.604440	-26.041041	1018.500000	
0.240000	0.578398	-26.042638	1018.500000	
0.241000	0.552354	-26.044130	1018.500000	
0.242000	0.526310	-26.045523	1018.500000	
0.243000	0.500263	-26.046820	1018.500000	
0.244000	0.474216	-26.048026	1018.500000	
0.245000	0.448167	-26.049145	1018.500000	
0.246000	0.422118	-26.050180	1018.500000	
0.247000	0.396067	-26.051135	1018.500000	
0.248000	0.370015	-26.052014	1018.500000	
0.249000	0.343963	-26.052819	1018.500000	
0.250000	0.317910	-26.053554	1018.500000	
0.251000	0.291856	-26.054220	1018.500000	
0.252000	0.265801	-26.054821	1018.500000	
0.253000	0.239746	-26.055359	1018.500000	
0.254000	0.213691	-26.055836	1018.500000	
0.255000	0.187635	-26.056254	1018.500000	
0.256000	0.161578	-26.056613	1018.500000	
0.257000	0.135522	-26.056917	1018.500000	
0.258000	0.109464	-26.057166	1018.500000	
0.259000	0.083407	-26.057361	1018.500000	
0.260000	0.057350	-26.057502	1018.500000	
0.261000	0.031292	-26.057591	1018.500000	
0.262000	0.005235	-26.057627	1018.500000	
0.263000	-0.020823	-26.057612	1018.500000	
0.264000	-0.046881	-26.057544	1018.500000	
0.265000	-0.072938	-26.057424	1018.500000	
0.266000	-0.098995	-26.057251	1018.500000	
0.267000	-0.125053	-26.057024	1018.500000	
0.268000	-0.151109	-26.056742	1018.500000	
0.269000	-0.177166	-26.056405	1018.500000	
0.270000	-0.203222	-26.056011	1018.500000	
0.271000	-0.229278	-26.055558	1018.500000	
0.272000	-0.255333	-26.055045	1018.500000	
0.273000	-0.281388	-26.054469	1018.500000	
0.274000	-0.307442	-26.053829	1018.500000	
0.275000	-0.333496	-26.053122	1018.500000	
0.276000	-0.359548	-26.052346	1018.500000	
0.277000	-0.385600	-26.051497	1018.500000	
0.278000	-0.411651	-26.050573	1018.500000	
0.279000	-0.437702	-26.049571	1018.500000	
0.280000	-0.463751	-26.048486	1018.500000	
0.281000	-0.489798	-26.047315	1018.500000	
0.282000	-0.515845	-26.046055	1018.500000	
0.283000	-0.541891	-26.044702	1018.500000	
0.284000	-0.567935	-26.043250	1018.500000	
0.285000	-0.593977	-26.041696	1018.500000	
0.286000	-0.620018	-26.040034	1018.500000	
0.287000	-0.646057	-26.038260	1018.500000	
0.288000	-0.672094	-26.036369	1018.500000	
0.289000	-0.698130	-26.034356	1018.500000	
0.290000	-0.724163	-26.032214	1018.500000	
0.291000	-0.750194	-26.029938	1018.500000	
0.292000	-0.776223	-26.027522	1018.500000	
0.293000	-0.802249	-26.024960	1018.500000	
0.294000	-0.828273	-26.022246	1018.500000	
0.295000	-0.854294	-26.019372	1018.500000	
0.296000	-0.880311	-26.016333	1018.500000	
0.297000	-0.906326	-26.013120	1018.500000	
0.298000	-0.932338	-26.009727	1018.500000	
0.299000	-0.958346	-26.006146	1018.500000	
0.300000	-0.984350	-26.002370	1018.500000	
0.301000	-1.010350	-25.998391	1018.500000	
0.302000	-1.036347	-25.994201	1018.500000	
0.303000	-1.062339	-25.989791	1018.500000	
0.304000	-1.088326	-25.985153	1018.500000	
0.305000	-1.114309	-25.980278	1018.500000	
0.306000	-1.140287	-25.975158	1018.500000	
0.307000	-1.166259	-25.969783	1018.500000	
0.308000	-1.192226	-25.964145	1018.500000	
0.309000	-1.218187	-25.958233	1018.500000	
0.310000	-1.244142	-25.952038	1018.500000	
0.311000	-1.270091	-25.945550	1018.500000	
0.312000	-1.296033	-25.938759	1018.500000	
0.313000	-1.321969	-25.931654	1018.500000	
0.314000	-1.347897	-25.924226	1018.500000	
0.315000	-1.373817	-25.916463	1018.500000	
0.316000	-1.399729	-25.908355	1018.500000	
0.317000	-1.425634	-25.899891	1018.500000	
0.318000	-1.451529	-25.891059	1018.500000	
0.319000	-1.477416	-25.881848	1018.500000	
0.320000	-1.503293	-25.872246	1018.500000	
0.321000	-1.529160	-25.862242	1018.500000	
0.322000	-1.555017	-25.851823	1018.500000	
0.323000	-1.580863	-25.840977	1018.500000	
0.324000	-1.606699	-25.829692	1018.500000	
0.325000	-1.632523	-25.817955	1018.500000	
0.326000	-1.658335	-25.805754	1018.500000	
0.327000	-1.684134	-25.793076	1018.500000	
0.328000	-1.709921	-25.779906	1018.500000	
0.329000	-1.735694	-25.766233	1018.500000	
0.330000	-1.761453	-25.752043	1018.500000	
0.331000	-1.787198	-25.737322	1018.500000	
0.332000	-1.812927	-25.722056	1018.500000	
0.333000	-1.838641	-25.706231	1018.500000	
0.334000	-1.864340	-25.689834	1018.500000	
0.335000	-1.890021	-25.672849	1018.500000	
0.336000	-1.915685	-25.655263	1018.500000	
0.337000	-1.941331	-25.637060	1018.500000	
0.338000	-1.966959	-25.618227	1018.500000	
0.339000	-1.992568	-25.598747	1018.500000	
0.340000	-2.018156	-25.578607	1018.500000	
0.341000	-2.043724	-25.557790	1018.500000	
0.342000	-2.069272	-25.536282	1018.500000	
0.343000	-2.094797	-25.514066	1018.500000	
0.344000	-2.120299	-25.491128	1018.500000	
0.345000	-2.145779	-25.467451	1018.500000	
0.346000	-2.171234	-25.443020	1018.500000	
0.347000	-2.196665	-25.417818	1018.500000	
0.348000	-2.222070	-25.391829	1018.500000	
0.349000	-2.247448	-25.365037	1018.500000	
0.350000	-2.272799	-25.337426	1018.500000	
0.351000	-2.298123	-25.308979	1018.500000	
0.352000	-2.323417	-25.279679	1018.500000	
0.353000	-2.348682	-25.249510	1018.500000	
0.354000	-2.373916	-25.218455	1018.500000	
0.355000	-2.399118	-25.186496	1018.500000	
0.356000	-2.424288	-25.153618	1018.500000	
0.357000	-2.449425	-25.119802	1018.500000	
0.358000	-2.474528	-25.085031	1018.500000	
0.359000	-2.499595	-25.049289	1018.500000	
0.360000	-2.524626	-25.012557	1018.500000	
0.361000	-2.549620	-24.974819	1018.500000	
0.362000	-2.574575	-24.936057	1018.500000	
0.363000	-2.599491	-24.896253	1018.500000	
0.364000	-2.624367	-24.855390	1018.500000	
0.365000	-2.649202	-24.813451	1018.500000	
0.366000	-2.673994	-24.770416	1018.500000	
0.367000	-2.698742	-24.726270	1018.500000	
0.368000	-2.723446	-24.680994	1018.500000	
0.369000	-2.748104	-24.634569	1018.500000	
0.370000	-2.772715	-24.586980	1018.500000	
0.371000	-2.797278	-24.538207	1018.500000	
0.372000	-2.821791	-24.488232	1018.500000	
0.373000	-2.846254	-24.437039	1018.500000	
0.374000	-2.870665	-24.384610	1018.500000	
0.375000	-2.895022	-24.330926	1018.500000	
0.376000	-2.919326	-24.275969	1018.500000	
0.377000	-2.943574	-24.219723	1018.500000	
0.378000	-2.967765	-24.162169	1018.500000	
0.379000	-2.991898	-24.103290	1018.500000	
0.380000	-3.015971	-24.043068	1018.500000	
0.381000	-3.039983	-23.981486	1018.500000	
0.382000	-3.063934	-23.918527	1018.500000	
0.383000	-3.087820	-23.854172	1018.500000	
0.384000	-3.111641	-23.788405	1018.500000	
0.385000	-3.135396	-23.721208	1018.500000	
0.386000	-3.159083	-23.652565	1018.500000	
0.387000	-3.182701	-23.582458	1018.500000	
0.388000	-3.206248	-23.510871	1018.500000	
0.389000	-3.229722	-23.437786	1018.500000	
0.390000	-3.253123	-23.363188	1018.500000	
0.391000	-3.276448	-23.287059	1018.500000	
0.392000	-3.299696	-23.209385	1018.500000	
0.393000	-3.322866	-23.130147	1018.500000	
0.394000	-3.345956	-23.049331	1018.500000	
0.395000	-3.368965	-22.966920	1018.500000	
0.396000	-3.391890	-22.882900	1018.500000	
0.397000	-3.414730	-22.797254	1018.500000	
0.398000	-3.437484	-22.709968	1018.500000	
0.399000	-3.460149	-22.621026	1018.500000	
0.400000	-3.482725	-22.530414	1018.500000	
0.401000	-3.505209	-22.438117	1018.500000	
0.402000	-3.527601	-22.344121	1018.500000	
0.403000	-3.549897	-22.248413	1018.500000	
0.404000	-3.572097	-22.150977	1018.500000	
0.405000	-3.594198	-22.051802	1018.500000	
0.406000	-3.616200	-21.950873	1018.500000	
0.407000	-3.638100	-21.848178	1018.500000	
0.408000	-3.659896	-21.743704	1018.500000	
0.409000	-3.681586	-21.637440	1018.500000	
0.410000	-3.703170	-21.529372	1018.500000	
0.411000	-3.724645	-21.419490	1018.500000	
0.412000	-3.746008	-21.307782	1018.500000	
0.413000	-3.767260	-21.194238	1018.500000	
0.414000	-3.788396	-21.078846	1018.500000	
0.415000	-3.809417	-20.961597	1018.500000	
0.416000	-3.830319	-20.842482	1018.500000	
0.417000	-3.851101	-20.721489	1018.500000	
0.418000	-3.871761	-20.598612	1018.500000	
0.419000	-3.892298	-20.473840	1018.500000	
0.420000	-3.912708	-20.347167	1018.500000	
0.421000	-3.932991	-20.218584	1018.500000	
0.422000	-3.953145	-20.088084	1018.500000	
0.423000	-3.973167	-19.955661	1018.500000	
0.424000	-3.993055	-19.821307	1018.500000	
0.425000	-4.012809	-19.685018	1018.500000	
0.426000	-4.032425	-19.546787	1018.500000	
0.427000	-4.051902	-19.406610	1018.500000	
0.428000	-4.071237	-19.264483	1018.500000	
0.429000	-4.090430	-19.120401	1018.500000	
0.430000	-4.109478	-18.974362	1018.500000	
0.431000	-4.128378	-18.826362	1018.500000	
0.432000	-4.147130	-18.676400	1018.500000	
0.433000	-4.165730	-18.524473	1018.500000	
0.434000	-4.184178	-18.370580	1018.500000	
0.435000	-4.202471	-18.214720	1018.500000	
0.436000	-4.220607	-18.056895	1018.500000	
0.437000	-4.238584	-17.897103	1018.500000	
0.438000	-4.256400	-17.735346	1018.500000	
0.439000	-4.274054	-17.571626	1018.500000	
0.440000	-4.291543	-17.405945	1018.500000	
0.441000	-4.308865	-17.238306	1018.500000	
0.442000	-4.326019	-17.068712	1018.500000	
0.443000	-4.343002	-16.897167	1018.500000	
0.444000	-4.359812	-16.723676	1018.500000	
0.445000	-4.376449	-16.548245	1018.500000	
0.446000	-4.392908	-16.370879	1018.500000	
0.447000	-4.409190	-16.191585	1018.500000	
0.448000	-4.425291	-16.010369	1018.500000	
0.449000	-4.441210	-15.827241	1018.500000	
0.450000	-4.456945	-15.642208	1018.500000	
0.451000	-4.472494	-15.455279	1018.500000	
0.452000	-4.487855	-15.266464	1018.500000	
0.453000	-4.503026	-15.075774	1018.500000	
0.454000	-4.518006	-14.883220	1018.500000	
0.455000	-4.532792	-14.688813	1018.500000	
0.456000	-4.547383	-14.492567	1018.500000	
0.457000	-4.561776	-14.294493	1018.500000	
0.458000	-4.575971	-14.094606	1018.500000	
0.459000	-4.589965	-13.892919	1018.500000	
0.460000	-4.603756	-13.689449	1018.500000	
0.461000	-4.617343	-13.484211	1018.500000	
0.462000	-4.630724	-13.277221	1018.500000	
0.463000	-4.643897	-13.068496	1018.500000	
0.464000	-4.656860	-12.858055	1018.500000	
0.465000	-4.669613	-12.645914	1018.500000	
0.466000	-4.682152	-12.432094	1018.500000	
0.467000	-4.694476	-12.216613	1018.500000	
0.468000	-4.706584	-11.999493	1018.500000	
0.469000	-4.718475	-11.780754	1018.500000	
0.470000	-4.730145	-11.560418	1018.500000	
0.471000	-4.741595	-11.338507	1018.500000	
0.472000	-4.752822	-11.115044	1018.500000	
0.473000	-4.763825	-10.890052	1018.500000	
0.474000	-4.774601	-10.663555	1018.500000	
0.475000	-4.785151	-10.435579	1018.500000	
0.476000	-4.795472	-10.206148	1018.500000	
0.477000	-4.805563	-9.975288	1018.500000	
0.478000	-4.815422	-9.743027	1018.500000	
0.479000	-4.825049	-9.509390	1018.500000	
0.480000	-4.834441	-9.274406	1018.500000	
0.481000	-4.843597	-9.038103	1018.500000	
0.482000	-4.852516	-8.800510	1018.500000	
0.483000	-4.861198	-8.561656	1018.500000	
0.484000	-4.869639	-8.321571	1018.500000	
0.485000	-4.877840	-8.080285	1018.500000	
0.486000	-4.885799	-7.837830	1018.500000	
0.487000	-4.893516	-7.594236	1018.500000	
0.488000	-4.900988	-7.349536	1018.500000	
0.489000	-4.908214	-7.103762	1018.500000	
0.490000	-4.915195	-6.856948	1018.500000	
0.491000	-4.921928	-6.609125	1018.500000	
0.492000	-4.928413	-6.360329	1018.500000	
0.493000	-4.934648	-6.110593	1018.500000	
0.494000	-4.940634	-5.859952	1018.500000	
0.495000	-4.946368	-5.608442	1018.500000	
0.496000	-4.951850	-5.356097	1018.500000	
0.497000	-4.957080	-5.102953	1018.500000	
0.498000	-4.962056	-4.849046	1018.500000	
0.499000	-4.966778	-4.594414	1018.500000	
0.500000	-4.971244	-4.339092	1018.500000	
0.501000	-4.975456	-4.083118	1018.500000	
0.502000	-4.979410	-3.826530	1018.500000	
0.503000	-4.983108	-3.569365	1018.500000	
0.504000	-4.986549	-3.311661	1018.500000	
0.505000	-4.989732	-3.053456	1018.500000	
0.506000	-4.992656	-2.794789	1018.500000	
0.507000	-4.995321	-2.535698	1018.500000	
0.508000	-4.997727	-2.276223	1018.500000	
0.509000	-4.999873	-2.016402	1018.500000	
0.510000	-5.001760	-1.756275	1018.500000	
0.511000	-5.003386	-1.495880	1018.500000	
0.512000	-5.004751	-1.235258	1018.500000	
0.513000	-5.005856	-0.974447	1018.500000	
0.514000	-5.006700	-0.713489	1018.500000	
0.515000	-5.007283	-0.452421	1018.500000	
0.516000	-5.007605	-0.191285	1018.500000	
0.517000	-5.007666	0.069881	1018.500000	
0.518000	-5.007465	0.331036	1018.500000	
0.519000	-5.007004	0.592141	1018.500000	
0.520000	-5.006281	0.853155	1018.500000	
0.521000	-5.005297	1.114039	1018.500000	
0.522000	-5.004053	1.374754	1018.500000	
0.523000	-5.002548	1.635259	1018.500000	
0.524000	-5.000783	1.895515	1018.500000	
0.525000	-4.998757	2.155484	1018.500000	
0.526000	-4.996472	2.415125	1018.500000	
0.527000	-4.993927	2.674399	1018.500000	
0.528000	-4.991123	2.933268	1018.500000	
0.529000	-4.988061	3.191692	1018.500000	
0.530000	-4.984740	3.449634	1018.500000	
0.531000	-4.981161	3.707054	1018.500000	
0.532000	-4.977326	3.963915	1018.500000	
0.533000	-4.973234	4.220180	1018.500000	
0.534000	-4.968886	4.475809	1018.500000	
0.535000	-4.964282	4.730766	1018.500000	
0.536000	-4.959424	4.985015	1018.500000	
0.537000	-4.954313	5.238518	1018.500000	
0.538000	-4.948948	5.491239	1018.500000	
0.539000	-4.943330	5.743142	1018.500000	
0.540000	-4.937462	5.994191	1018.500000	
0.541000	-4.931342	6.244352	1018.500000	
0.542000	-4.924973	6.493589	1018.500000	
0.543000	-4.918355	6.741869	1018.500000	
0.544000	-4.911490	6.989156	1018.500000	
0.545000	-4.904377	7.235418	1018.500000	
0.546000	-4.897019	7.480621	1018.500000	
0.547000	-4.889417	7.724733	1018.500000	
0.548000	-4.881570	7.967721	1018.500000	
0.549000	-4.873482	8.209555	1018.500000	
0.550000	-4.865152	8.450202	1018.500000	
0.551000	-4.856582	8.689632	1018.500000	
0.552000	-4.847773	8.927815	1018.500000	
0.553000	-4.838726	9.164721	1018.500000	
0.554000	-4.829444	9.400322	1018.500000	
0.555000	-4.819926	9.634588	1018.500000	
0.556000	-4.810175	9.867492	1018.500000	
0.557000	-4.800192	10.099007	1018.500000	
0.558000	-4.789977	10.329105	1018.500000	
0.559000	-4.779534	10.557761	1018.500000	
0.560000	-4.768862	10.784949	1018.500000	
0.561000	-4.757965	11.010643	1018.500000	
0.562000	-4.746842	11.234820	1018.500000	
0.563000	-4.735495	11.457456	1018.500000	
0.564000	-4.723927	11.678527	1018.500000	
0.565000	-4.712139	11.898011	1018.500000	
0.566000	-4.700132	12.115886	1018.500000	
0.567000	-4.687908	12.332131	1018.500000	
0.568000	-4.675468	12.546726	1018.500000	
0.569000	-4.662815	12.759650	1018.500000	
0.570000	-4.649949	12.970883	1018.500000	
0.571000	-4.636874	13.180409	1018.500000	
0.572000	-4.623589	13.388207	1018.500000	
0.573000	-4.610098	13.594262	1018.500000	
0.574000	-4.596401	13.798556	1018.500000	
0.575000	-4.582501	14.001073	1018.500000	
0.576000	-4.568400	14.201798	1018.500000	
0.577000	-4.554098	14.400717	1018.500000	
0.578000	-4.539599	14.597815	1018.500000	
0.579000	-4.524903	14.793078	1018.500000	
0.580000	-4.510013	14.986495	1018.500000	
0.581000	-4.494931	15.178053	1018.500000	
0.582000	-4.479658	15.367741	1018.500000	
0.583000	-4.464196	15.555548	1018.500000	
0.584000	-4.448547	15.741463	1018.500000	
0.585000	-4.432714	15.925478	1018.500000	
0.586000	-4.416697	16.107584	1018.500000	
0.587000	-4.400499	16.287772	1018.500000	
0.588000	-4.384122	16.466035	1018.500000	
0.589000	-4.367568	16.642367	1018.500000	
0.590000	-4.350838	16.816760	1018.500000	
0.591000	-4.333935	16.989210	1018.500000	
0.592000	-4.316860	17.159712	1018.500000	
0.593000	-4.299616	17.328260	1018.500000	
0.594000	-4.282204	17.494852	1018.500000	
0.595000	-4.264627	17.659484	1018.500000	
0.596000	-4.246886	17.822153	1018.500000	
0.597000	-4.228983	17.982859	1018.500000	
0.598000	-4.210921	18.141599	1018.500000	
0.599000	-4.192701	18.298372	1018.500000	
0.600000	-4.174325	18.453179	1018.500000	
0.601000	-4.155795	18.606020	1018.500000	
0.602000	-4.137113	18.756895	1018.500000	
0.603000	-4.118282	18.905807	1018.500000	
0.604000	-4.099303	19.052758	1018.500000	
0.605000	-4.080177	19.197749	1018.500000	
0.606000	-4.060908	19.340784	1018.500000	
0.607000	-4.041496	19.481867	1018.500000	
0.608000	-4.021945	19.621002	1018.500000	
0.609000	-4.002255	19.758193	1018.500000	
0.610000	-3.982429	19.893446	1018.500000	
0.611000	-3.962469	20.026766	1018.500000	
0.612000	-3.942376	20.158159	1018.500000	
0.613000	-3.922153	20.287632	1018.500000	
0.614000	-3.901801	20.415192	1018.500000	
0.615000	-3.881323	20.540847	1018.500000	
0.616000	-3.860720	20.664604	1018.500000	
0.617000	-3.839995	20.786471	1018.500000	
0.618000	-3.819148	20.906458	1018.500000	
0.619000	-3.798182	21.024574	1018.500000	
0.620000	-3.777099	21.140827	1018.500000	
0.621000	-3.755901	21.255229	1018.500000	
0.622000	-3.734590	21.367789	1018.500000	
0.623000	-3.713166	21.478519	1018.500000	
0.624000	-3.691633	21.587429	1018.500000	
0.625000	-3.669992	21.694530	1018.500000	
0.626000	-3.648245	21.799835	1018.500000	
0.627000	-3.626393	21.903355	1018.500000	
0.628000	-3.604439	22.005103	1018.500000	
0.629000	-3.582383	22.105092	1018.500000	
0.630000	-3.560229	22.203335	1018.500000	
0.631000	-3.537977	22.299844	1018.500000	
0.632000	-3.515630	22.394635	1018.500000	
0.633000	-3.493189	22.487719	1018.500000	
0.634000	-3.470655	22.579113	1018.500000	
0.635000	-3.448031	22.668829	1018.500000	
0.636000	-3.425318	22.756883	1018.500000	
0.637000	-3.402518	22.843290	1018.500000	
0.638000	-3.379632	22.928064	1018.500000	
0.639000	-3.356662	23.011221	1018.500000	
0.640000	-3.333610	23.092776	1018.500000	
0.641000	-3.310477	23.172746	1018.500000	
0.642000	-3.287265	23.251145	1018.500000	
0.643000	-3.263975	23.327990	1018.500000	
0.644000	-3.240609	23.403298	1018.500000	
0.645000	-3.217169	23.477084	1018.500000	
0.646000	-3.193656	23.549365	1018.500000	
0.647000	-3.170071	23.620158	1018.500000	
0.648000	-3.146416	23.689480	1018.500000	
0.649000	-3.122692	23.757347	1018.500000	
0.650000	-3.098902	23.823776	1018.500000	
0.651000	-3.075045	23.888785	1018.500000	
0.652000	-3.051125	23.952391	1018.500000	
0.653000	-3.027141	24.014612	1018.500000	
0.654000	-3.003096	24.075464	1018.500000	
0.655000	-2.978991	24.134965	1018.500000	
0.656000	-2.954826	24.193132	1018.500000	
0.657000	-2.930605	24.249984	1018.500000	
0.658000	-2.906327	24.305538	1018.500000	
0.659000	-2.881994	24.359811	1018.500000	
0.660000	-2.857608	24.412822	1018.500000	
0.661000	-2.833169	24.464588	1018.500000	
0.662000	-2.808679	24.515126	1018.500000	
0.663000	-2.784139	24.564455	1018.500000	
0.664000	-2.759550	24.612593	1018.500000	
0.665000	-2.734914	24.659557	1018.500000	
0.666000	-2.710232	24.705365	1018.500000	
0.667000	-2.685504	24.750034	1018.500000	
0.668000	-2.660732	24.793583	1018.500000	
0.669000	-2.635917	24.836029	1018.500000	
0.670000	-2.611060	24.877391	1018.500000	
0.671000	-2.586163	24.917685	1018.500000	
0.672000	-2.561225	24.956929	1018.500000	
0.673000	-2.536249	24.995141	1018.500000	
0.674000	-2.511235	25.032338	1018.500000	
0.675000	-2.486185	25.068538	1018.500000	
0.676000	-2.461099	25.103758	1018.500000	
0.677000	-2.435978	25.138016	1018.500000	
0.678000	-2.410823	25.171328	1018.500000	
0.679000	-2.385635	25.203712	1018.500000	
0.680000	-2.360416	25.235185	1018.500000	
0.681000	-2.335165	25.265764	1018.500000	
0.682000	-2.309885	25.295466	1018.500000	
0.683000	-2.284575	25.324307	1018.500000	
0.684000	-2.259236	25.352305	1018.500000	
0.685000	-2.233870	25.379476	1018.500000	
0.686000	-2.208478	25.405836	1018.500000	
0.687000	-2.183059	25.431401	1018.500000	
0.688000	-2.157615	25.456189	1018.500000	
0.689000	-2.132147	25.480215	1018.500000	
0.690000	-2.106655	25.503494	1018.500000	
0.691000	-2.081140	25.526044	1018.500000	
0.692000	-2.055603	25.547879	1018.500000	
0.693000	-2.030044	25.569015	1018.500000	
0.694000	-2.004465	25.589468	1018.500000	
0.695000	-1.978866	25.609253	1018.500000	
0.696000	-1.953247	25.628385	1018.500000	
0.697000	-1.927609	25.646879	1018.500000	
0.698000	-1.901953	25.664750	1018.500000	
0.699000	-1.876280	25.682012	1018.500000	
0.700000	-1.850589	25.698681	1018.500000	
0.701000	-1.824883	25.714770	1018.500000	
0.702000	-1.799160	25.730294	1018.500000	
0.703000	-1.773422	25.745267	1018.500000	
0.704000	-1.747670	25.759702	1018.500000	
0.705000	-1.721903	25.773614	1018.500000	
0.706000	-1.696123	25.787016	1018.500000	
0.707000	-1.670329	25.799921	1018.500000	
0.708000	-1.644523	25.812342	1018.500000	
0.709000	-1.618705	25.824293	1018.500000	
0.710000	-1.592875	25.835787	1018.500000	
0.711000	-1.567033	25.846835	1018.500000	
0.712000	-1.541181	25.857451	1018.500000	
0.713000	-1.515318	25.867646	1018.500000	
0.714000	-1.489446	25.877434	1018.500000	
0.715000	-1.463564	25.886825	1018.500000	
0.716000	-1.437672	25.895832	1018.500000	
0.717000	-1.411772	25.904466	1018.500000	
0.718000	-1.385864	25.912738	1018.500000	
0.719000	-1.359947	25.920660	1018.500000	
0.720000	-1.334022	25.928242	1018.500000	
0.721000	-1.308090	25.935496	1018.500000	
0.722000	-1.282151	25.942431	1018.500000	
0.723000	-1.256206	25.949059	1018.500000	
0.724000	-1.230253	25.955389	1018.500000	
0.725000	-1.204295	25.961431	1018.500000	
0.726000	-1.178331	25.967196	1018.500000	
0.727000	-1.152361	25.972692	1018.500000	
0.728000	-1.126385	25.977929	1018.500000	
0.729000	-1.100405	25.982917	1018.500000	
0.730000	-1.074420	25.987664	1018.500000	
0.731000	-1.048430	25.992178	1018.500000	
0.732000	-1.022435	25.996470	1018.500000	
0.733000	-0.996437	26.000546	1018.500000	
0.734000	-0.970434	26.004416	1018.500000	
0.735000	-0.944428	26.008086	1018.500000	
0.736000	-0.918418	26.011565	1018.500000	
0.737000	-0.892405	26.014861	1018.500000	
0.738000	-0.866389	26.017980	1018.500000	
0.739000	-0.840369	26.020930	1018.500000	
0.740000	-0.814347	26.023718	1018.500000	
0.741000	-0.788322	26.026350	1018.500000	
0.742000	-0.762294	26.028833	1018.500000	
0.743000	-0.736264	26.031173	1018.500000	
0.744000	-0.710232	26.033377	1018.500000	
0.745000	-0.684197	26.035449	1018.500000	
0.746000	-0.658161	26.037396	1018.500000	
0.747000	-0.632123	26.039224	1018.500000	
0.748000	-0.606083	26.040937	1018.500000	
0.749000	-0.580041	26.042540	1018.500000	
0.750000	-0.553997	26.044039	1018.500000	
0.751000	-0.527953	26.045438	1018.500000	
0.752000	-0.501907	26.046741	1018.500000	
0.753000	-0.475859	26.047953	1018.500000	
0.754000	-0.449811	26.049077	1018.500000	
0.755000	-0.423761	26.050117	1018.500000	
0.756000	-0.397711	26.051077	1018.500000	
0.757000	-0.371659	26.051961	1018.500000	
0.758000	-0.345607	26.052770	1018.500000	
0.759000	-0.319554	26.053509	1018.500000	
0.760000	-0.293500	26.054180	1018.500000	
0.761000	-0.267445	26.054785	1018.500000	
0.762000	-0.241390	26.055327	1018.500000	
0.763000	-0.215335	26.055808	1018.500000	
0.764000	-0.189279	26.056229	1018.500000	
0.765000	-0.163222	26.056592	1018.500000	
0.766000	-0.137165	26.056900	1018.500000	
0.767000	-0.111108	26.057152	1018.500000	
0.768000	-0.085051	26.057350	1018.500000	
0.769000	-0.058994	26.057495	1018.500000	
0.770000	-0.032936	26.057587	1018.500000	
0.771000	-0.006878	26.057627	1018.500000	
0.772000	0.019179	26.057614	1018.500000	
0.773000	0.045237	26.057550	1018.500000	
0.774000	0.071294	26.057433	1018.500000	
0.775000	0.097352	26.057263	1018.500000	
0.776000	0.123409	26.057040	1018.500000	
0.777000	0.149466	26.056762	1018.500000	
0.778000	0.175522	26.056428	1018.500000	
0.779000	0.201578	26.056037	1018.500000	
0.780000	0.227634	26.055588	1018.500000	
0.781000	0.253690	26.055079	1018.500000	
0.782000	0.279744	26.054508	1018.500000	
0.783000	0.305799	26.053872	1018.500000	
0.784000	0.331852	26.053169	1018.500000	
0.785000	0.357905	26.052397	1018.500000	
0.786000	0.383957	26.051553	1018.500000	
0.787000	0.410008	26.050634	1018.500000	
0.788000	0.436058	26.049636	1018.500000	
0.789000	0.462107	26.048557	1018.500000	
0.790000	0.488155	26.047392	1018.500000	
0.791000	0.514202	26.046138	1018.500000	
0.792000	0.540247	26.044790	1018.500000	
0.793000	0.566292	26.043344	1018.500000	
0.794000	0.592334	26.041797	1018.500000	
0.795000	0.618375	26.040142	1018.500000	
0.796000	0.644414	26.038376	1018.500000	
0.797000	0.670452	26.036492	1018.500000	
0.798000	0.696487	26.034487	1018.500000	
0.799000	0.722521	26.032353	1018.500000	
0.800000	0.748552	26.030086	1018.500000	
0.801000	0.774581	26.027679	1018.500000	
0.802000	0.800607	26.025127	1018.500000	
0.803000	0.826631	26.022422	1018.500000	
0.804000	0.852652	26.019558	1018.500000	
0.805000	0.878670	26.016529	1018.500000	
0.806000	0.904685	26.013328	1018.500000	
0.807000	0.930697	26.009946	1018.500000	
0.808000	0.956705	26.006378	1018.500000	
0.809000	0.982709	26.002614	1018.500000	
0.810000	1.008710	25.998648	1018.500000	
0.811000	1.034707	25.994471	1018.500000	
0.812000	1.060699	25.990076	1018.500000	
0.813000	1.086687	25.985452	1018.500000	
0.814000	1.112670	25.980593	1018.500000	
0.815000	1.138648	25.975488	1018.500000	
0.816000	1.164621	25.970130	1018.500000	
0.817000	1.190588	25.964508	1018.500000	
0.818000	1.216550	25.958614	1018.500000	
0.819000	1.242505	25.952437	1018.500000	
0.820000	1.268454	25.945968	1018.500000	
0.821000	1.294397	25.939196	1018.500000	
0.822000	1.320333	25.932112	1018.500000	
0.823000	1.346261	25.924704	1018.500000	
0.824000	1.372182	25.916963	1018.500000	
0.825000	1.398095	25.908877	1018.500000	
0.826000	1.424000	25.900436	1018.500000	
0.827000	1.449896	25.891627	1018.500000	
0.828000	1.475783	25.882441	1018.500000	
0.829000	1.501660	25.872864	1018.500000	
0.830000	1.527528	25.862885	1018.500000	
0.831000	1.553386	25.852493	1018.500000	
0.832000	1.579233	25.841674	1018.500000	
0.833000	1.605069	25.830417	1018.500000	
0.834000	1.630894	25.818709	1018.500000	
0.835000	1.656707	25.806538	1018.500000	
0.836000	1.682507	25.793890	1018.500000	
0.837000	1.708294	25.780752	1018.500000	
0.838000	1.734068	25.767111	1018.500000	
0.839000	1.759828	25.752954	1018.500000	
0.840000	1.785574	25.738266	1018.500000	
0.841000	1.811305	25.723035	1018.500000	
0.842000	1.837020	25.707246	1018.500000	
0.843000	1.862719	25.690885	1018.500000	
0.844000	1.888401	25.673938	1018.500000	
0.845000	1.914067	25.656390	1018.500000	
0.846000	1.939714	25.638227	1018.500000	
0.847000	1.965343	25.619434	1018.500000	
0.848000	1.990953	25.599996	1018.500000	
0.849000	2.016543	25.579897	1018.500000	
0.850000	2.042112	25.559124	1018.500000	
0.851000	2.067661	25.537660	1018.500000	
0.852000	2.093187	25.515489	1018.500000	
0.853000	2.118691	25.492597	1018.500000	
0.854000	2.144172	25.468967	1018.500000	
0.855000	2.169629	25.444584	1018.500000	
0.856000	2.195061	25.419431	1018.500000	
0.857000	2.220468	25.393492	1018.500000	
0.858000	2.245848	25.366752	1018.500000	
0.859000	2.271201	25.339193	1018.500000	
0.860000	2.296526	25.310799	1018.500000	
0.861000	2.321822	25.281553	1018.500000	
0.862000	2.347089	25.251439	1018.500000	
0.863000	2.372325	25.220440	1018.500000	
0.864000	2.397529	25.188539	1018.500000	
0.865000	2.422701	25.155719	1018.500000	
0.866000	2.447840	25.121963	1018.500000	
0.867000	2.472945	25.087253	1018.500000	
0.868000	2.498015	25.051573	1018.500000	
0.869000	2.523048	25.014904	1018.500000	
0.870000	2.548044	24.977230	1018.500000	
0.871000	2.573002	24.938533	1018.500000	
0.872000	2.597921	24.898796	1018.500000	
0.873000	2.622799	24.858000	1018.500000	
0.874000	2.647636	24.816129	1018.500000	
0.875000	2.672431	24.773164	1018.500000	
0.876000	2.697182	24.729088	1018.500000	
0.877000	2.721889	24.683884	1018.500000	
0.878000	2.746550	24.637532	1018.500000	
0.879000	2.771164	24.590017	1018.500000	
0.880000	2.795729	24.541319	1018.500000	
0.881000	2.820246	24.491421	1018.500000	
0.882000	2.844712	24.440305	1018.500000	
0.883000	2.869126	24.387954	1018.500000	
0.884000	2.893487	24.334350	1018.500000	
0.885000	2.917794	24.279474	1018.500000	
0.886000	2.942046	24.223310	1018.500000	
0.887000	2.966241	24.165839	1018.500000	
0.888000	2.990377	24.107044	1018.500000	
0.889000	3.014454	24.046908	1018.500000	
